明文：我是钟小雯SMGJJ1307

DD@IDHIHBMLCCCGELKDKEFL@FILJ@MAKIOKIF@HECBCEOGNL
明文：
我是钟小雯SMGJJ1307
main.js:25 转化为二进制的明文：
1,1,1,0,0,1,1,0,1,0,0,0,1,0,0,0,1,0,0,1,0,0,0,1,1,1,1,0,0,1,1,0,1,0,0,1,1,0,0,0,1,0,1,0,1,1,1,1,1,1,1,0,1,0,0,1,1,0,0,1,0,0,1,0,1,0,0,1,1,1,1,1,1,1,1,0,0,1,0,1,1,0,1,1,0,0,0,0,1,0,0,0,1,1,1,1,1,1,1,0,1,0,0,1,1,0,0,1,1,0,1,1,1,0,1,0,1,1,1,1,0,1,0,1,0,0,1,1,0,1,0,0,1,1,0,1,0,1,0,0,0,1,1,1,0,1,0,0,1,0,1,0,0,1,0,0,1,0,1,0,0,0,1,1,0,0,0,1,0,0,1,1,0,0,1,1,0,0,1,1,0,0,0,0,0,0,1,1,0,1,1,1
Data.js:187 每一次的明文加密：
0100010000001001010010001001100000101101110000110011001101110101
Data.js:187 每一次的明文加密：
1100101101001011010101101100000001101001110010100000110100011011
Data.js:187 每一次的明文加密：
1001111110111001011000001000010100110010001101011111011111101100
predeal.js:115 DES加密后的密文：
010001000000100101001000100110000010110111000011001100110111010111001011010010110101011011000000011010011100101000001101000110111001111110111001011000001000010100110010001101011111011111101100
010001000000100101001000100110000010110111000011001100110111010111001011010010110101011011000000011010011100101000001101000110111001111110111001011000001000010100110010001101011111011111101100



main.js:27 DD@IDHIHBMLCCCGELKDKEFL@FILJ@MAKIOKIF@HECBCEOGNL



//*********************************所有注释*********************************************
/*
1.
	Tran.transChinToBin的功能为将字符串转化为二进制的字符串并返回
	具体实现是将汉字的码字同义转换为UTF-8的模式，转换方法为：
	1.在UTF-8中汉字占3个字节，英文等字符占一个字节（這里假设都是汉字的编码）
	2.用encodeURI（）得到%（十六进制数1）%（十六进制数2）%（十六进制数3）
	3.将十六进制数123提取出来，转化为二进制数（共6×4=24bits）
2.
	将英文字符转换为二进制
	temp = parseInt(temp,2)//字符串的二进制转十进制
	console.log(String.fromCharCode(temp))转换为字符串
3.
	如何判别split后的字符是汉字还是字母：
		1.用encodeURIComponent().length
		2.如果是汉字则长度为9，如果是字母数字则长度为1
	 如何判别split后的字符是数字还是字母：
		1.用Unicode的编码范围来确定
4.//console.log(parseInt(str.substr(j*8,8),2))
	//console.log((String.fromCharCode(parseInt(str.substr(j*4,4),2))))	//字
	//	console.log((String.fromCharCode(parseInt(str.substr(j*8,8),2)).charCodeAt(0)))  //还原为十进制
5.
temp.length>3?temp = temp
							:temp.length>2?temp = "0"+temp
							:temp.length>1?temp = "00"+temp
							:temp.length>0?temp = "000"+temp
							:temp ="0000"
*/
